[]
[]
[]
[]
[]
[]
[]
[]
[]
[]
[]
[]
[]
[]
[]
[]
[]
[]
[]
[]
[]
[]
[]
[]
[]
[]
[]
[]
[]
[]
[]
[]
[]
[]
[]
[]
[]
[]
[]
[]
[]
[]
[]
[]
[]
[]
[]
[]
[]
[]
[]
[]
[]
[]
[]
[]
[]
[]
[]
[]
[]
[]
[]
[]
[]
[]
[]
[]
[]
[]
[]
[]
[]
[]
[]
[]
[]
[]
[]
[]
[]
[]
BPM=17.76
[17.76]
[]
3379
[17.76]
[3379]
[17.76]
[3379]
[17.76]
[3379]
[17.76]
[3379]
[17.76]
[3379]
[17.76]
[3379]
[17.76]
[3379]
[17.76]
[3379]
[17.76]
[3379]
[17.76]
[3379]
[17.76]
[3379]
[17.76]
[3379]
[17.76]
[3379]
[17.76]
[3379]
[17.76]
[3379]
[17.76]
[3379]
[17.76]
[3379]
[17.76]
[3379]
[17.76]
[3379]
[17.76]
[3379]
[17.76]
[3379]
[17.76]
[3379]
[17.76]
[3379]
[17.76]
[3379]
[17.76]
[3379]
[17.76]
[3379]
[17.76]
[3379]
[17.76]
[3379]
[17.76]
[3379]
[17.76]
[3379]
[17.76]
[3379]
[17.76]
[3379]
[17.76]
[3379]
[17.76]
[3379]
[17.76]
[3379]
[17.76]
[3379]
[17.76]
[3379]
[17.76]
[3379]
[17.76]
[3379]
[17.76]
[3379]
[17.76]
[3379]
[17.76]
[3379]
[17.76]
[3379]
[17.76]
[3379]
BPM=13.33
[17.76, 13.33]
[3379]
4501
[17.76, 13.33]
[3379, 4501]
[17.76, 13.33]
[3379, 4501]
[17.76, 13.33]
[3379, 4501]
[17.76, 13.33]
[3379, 4501]
[17.76, 13.33]
[3379, 4501]
[17.76, 13.33]
[3379, 4501]
[17.76, 13.33]
[3379, 4501]
[17.76, 13.33]
[3379, 4501]
[17.76, 13.33]
[3379, 4501]
[17.76, 13.33]
[3379, 4501]
[17.76, 13.33]
[3379, 4501]
[17.76, 13.33]
[3379, 4501]
[17.76, 13.33]
[3379, 4501]
[17.76, 13.33]
[3379, 4501]
[17.76, 13.33]
[3379, 4501]
[17.76, 13.33]
[3379, 4501]
[17.76, 13.33]
[3379, 4501]
[17.76, 13.33]
[3379, 4501]
[17.76, 13.33]
[3379, 4501]
[17.76, 13.33]
[3379, 4501]
[17.76, 13.33]
[3379, 4501]
[17.76, 13.33]
[3379, 4501]
[17.76, 13.33]
[3379, 4501]
[17.76, 13.33]
[3379, 4501]
BPM=24.67
[17.76, 13.33, 24.67]
[3379, 4501]
2432
[17.76, 13.33, 24.67]
[3379, 4501, 2432]
[17.76, 13.33, 24.67]
[3379, 4501, 2432]
[17.76, 13.33, 24.67]
[3379, 4501, 2432]
[17.76, 13.33, 24.67]
[3379, 4501, 2432]
[17.76, 13.33, 24.67]
[3379, 4501, 2432]
[17.76, 13.33, 24.67]
[3379, 4501, 2432]
[17.76, 13.33, 24.67]
[3379, 4501, 2432]
[17.76, 13.33, 24.67]
[3379, 4501, 2432]
[17.76, 13.33, 24.67]
[3379, 4501, 2432]
BPM=71.09
[17.76, 13.33, 24.67, 71.09]
[3379, 4501, 2432]
844
[17.76, 13.33, 24.67, 71.09]
[3379, 4501, 2432, 844]
[17.76, 13.33, 24.67, 71.09]
[3379, 4501, 2432, 844]
[17.76, 13.33, 24.67, 71.09]
[3379, 4501, 2432, 844]
[17.76, 13.33, 24.67, 71.09]
[3379, 4501, 2432, 844]
[17.76, 13.33, 24.67, 71.09]
[3379, 4501, 2432, 844]
[17.76, 13.33, 24.67, 71.09]
[3379, 4501, 2432, 844]
[17.76, 13.33, 24.67, 71.09]
[3379, 4501, 2432, 844]
[17.76, 13.33, 24.67, 71.09]
[3379, 4501, 2432, 844]
[17.76, 13.33, 24.67, 71.09]
[3379, 4501, 2432, 844]
[17.76, 13.33, 24.67, 71.09]
[3379, 4501, 2432, 844]
BPM=63.49
[17.76, 13.33, 24.67, 71.09, 63.49]
[3379, 4501, 2432, 844]
945
[17.76, 13.33, 24.67, 71.09, 63.49]
[3379, 4501, 2432, 844, 945]
[17.76, 13.33, 24.67, 71.09, 63.49]
[3379, 4501, 2432, 844, 945]
[17.76, 13.33, 24.67, 71.09, 63.49]
[3379, 4501, 2432, 844, 945]
[17.76, 13.33, 24.67, 71.09, 63.49]
[3379, 4501, 2432, 844, 945]
[17.76, 13.33, 24.67, 71.09, 63.49]
[3379, 4501, 2432, 844, 945]
[17.76, 13.33, 24.67, 71.09, 63.49]
[3379, 4501, 2432, 844, 945]
[17.76, 13.33, 24.67, 71.09, 63.49]
[3379, 4501, 2432, 844, 945]
[17.76, 13.33, 24.67, 71.09, 63.49]
[3379, 4501, 2432, 844, 945]
[17.76, 13.33, 24.67, 71.09, 63.49]
[3379, 4501, 2432, 844, 945]
[17.76, 13.33, 24.67, 71.09, 63.49]
[3379, 4501, 2432, 844, 945]
[17.76, 13.33, 24.67, 71.09, 63.49]
[3379, 4501, 2432, 844, 945]
[17.76, 13.33, 24.67, 71.09, 63.49]
[3379, 4501, 2432, 844, 945]
[17.76, 13.33, 24.67, 71.09, 63.49]
[3379, 4501, 2432, 844, 945]
[17.76, 13.33, 24.67, 71.09, 63.49]
[3379, 4501, 2432, 844, 945]
[17.76, 13.33, 24.67, 71.09, 63.49]
[3379, 4501, 2432, 844, 945]
[17.76, 13.33, 24.67, 71.09, 63.49]
[3379, 4501, 2432, 844, 945]
[17.76, 13.33, 24.67, 71.09, 63.49]
[3379, 4501, 2432, 844, 945]
[17.76, 13.33, 24.67, 71.09, 63.49]
[3379, 4501, 2432, 844, 945]
[17.76, 13.33, 24.67, 71.09, 63.49]
[3379, 4501, 2432, 844, 945]
[17.76, 13.33, 24.67, 71.09, 63.49]
[3379, 4501, 2432, 844, 945]
[17.76, 13.33, 24.67, 71.09, 63.49]
[3379, 4501, 2432, 844, 945]
[17.76, 13.33, 24.67, 71.09, 63.49]
[3379, 4501, 2432, 844, 945]
[17.76, 13.33, 24.67, 71.09, 63.49]
[3379, 4501, 2432, 844, 945]
[17.76, 13.33, 24.67, 71.09, 63.49]
[3379, 4501, 2432, 844, 945]
[17.76, 13.33, 24.67, 71.09, 63.49]
[3379, 4501, 2432, 844, 945]
[17.76, 13.33, 24.67, 71.09, 63.49]
[3379, 4501, 2432, 844, 945]
[17.76, 13.33, 24.67, 71.09, 63.49]
[3379, 4501, 2432, 844, 945]
[17.76, 13.33, 24.67, 71.09, 63.49]
[3379, 4501, 2432, 844, 945]
[17.76, 13.33, 24.67, 71.09, 63.49]
[3379, 4501, 2432, 844, 945]
[17.76, 13.33, 24.67, 71.09, 63.49]
[3379, 4501, 2432, 844, 945]
[17.76, 13.33, 24.67, 71.09, 63.49]
[3379, 4501, 2432, 844, 945]
[17.76, 13.33, 24.67, 71.09, 63.49]
[3379, 4501, 2432, 844, 945]
[17.76, 13.33, 24.67, 71.09, 63.49]
[3379, 4501, 2432, 844, 945]
[17.76, 13.33, 24.67, 71.09, 63.49]
[3379, 4501, 2432, 844, 945]
[17.76, 13.33, 24.67, 71.09, 63.49]
[3379, 4501, 2432, 844, 945]
[17.76, 13.33, 24.67, 71.09, 63.49]
[3379, 4501, 2432, 844, 945]
[17.76, 13.33, 24.67, 71.09, 63.49]
[3379, 4501, 2432, 844, 945]
[17.76, 13.33, 24.67, 71.09, 63.49]
[3379, 4501, 2432, 844, 945]
[17.76, 13.33, 24.67, 71.09, 63.49]
[3379, 4501, 2432, 844, 945]
[17.76, 13.33, 24.67, 71.09, 63.49]
[3379, 4501, 2432, 844, 945]
